1000000 None 1
2136443813 22859 155
3035716761 24885 1958
2251962445 22371 537
3220527259 21361 1857
1516037871 23771 168
2415581056 22555 442
2496995223 23786 4
1162917671 23771c 31
3026257927 22886 406
10000 None 1
1842433585 24513 206
2068245984 21159 141
2643923202 22378 371
841132800 13270 73
1819471419 20851 255
3127438979 22765 245
468998809 22868 415
1276952230 23677 261
1838815193 22885 659
3419437623 21880 729
1573596847 24514 9
3304344041 None 1
2964628460 22353 16
383500810 08270 4
3270970386 20352 548
2313473487 21159a 726
2176638043 21859 61
2052610734 21361a 31
3415458667 21361b 637
2530256940 22882 25
2314582657 21166 4
ycywilliam@qq.com 24570 2
911154497 23702 35
1537167131 23707 7
1165228178 22361 10
1129097402 None 1
1789543777 None 1
1439595921 21359 112
1784166421 17254 1
3475279465 21673 19
1075733376 21361c 24
799528094 23771a 450
2982906724 20474 1
1931358068 20460 1
1796314711 23771b 199
3311271934 21272 42
3557667816 22864 1
3549646046 22655 1
2578858354 22316 4
2650909041 21576 12
236423841 21561 12
2053999748 22851 7
3386903573 20470 32
3569476936 24311 9
1329913830 24885a 1378
3283822317 22378a 29
2332718722 20379 10
1637374583 21875 46
2103556795 22372 3
2136188266 21154 3
1256988261 None 1
1327317611 22855 8
1149076600 22876 1
3294346390 22888 385
1782312232 21103 2
466503316 10361 53
554808641 22255 1
3337256913 18702 1
1726754877 19454 1
